local coor = require "ust/coor"
local ust = require "ust"

--Begin Generated
local generatedData = {
    ["cargo_station_main_3_assets_1"] = {
        ["asset/ground/barrel_steel.mdl"] = {
            {1.00000, 0.00000, 0.00000, 0.00000, 0.00000, 1.00000, 0.00000, 0.00000, 0.00000, 0.00000, 1.00000, 0.00000, 8.25500, -0.84000, 0.80000, 1.00000},
            {1.00000, 0.00000, 0.00000, 0.00000, 0.00000, 1.00000, 0.00000, 0.00000, 0.00000, 0.00000, 1.00000, 0.00000, 9.17500, -0.84000, 0.80000, 1.00000},
            {-0.93789, 0.34694, 0.00000, 0.00000, -0.34694, -0.93789, 0.00000, 0.00000, 0.00000, 0.00000, 1.00000, 0.00000, 10.13500, -0.84000, 0.80000, 1.00000},
            {-0.93789, 0.34694, 0.00000, 0.00000, -0.34694, -0.93789, 0.00000, 0.00000, 0.00000, 0.00000, 1.00000, 0.00000, 10.56000, -1.63000, 0.80000, 1.00000},
            {0.51204, 0.85896, 0.00000, 0.00000, -0.85896, 0.51204, 0.00000, 0.00000, 0.00000, 0.00000, 1.00000, 0.00000, 11.03500, -0.84000, 0.80000, 1.00000},
            {-0.93789, 0.34694, 0.00000, 0.00000, -0.34694, -0.93789, 0.00000, 0.00000, 0.00000, 0.00000, 1.00000, 0.00000, 11.91500, -0.84000, 0.80000, 1.00000},
        },
        ["asset/ground/barrel_wood.mdl"] = {
            {-0.01695, 0.99986, -0.00000, 0.00000, -0.99986, -0.01695, 0.00000, 0.00000, -0.00000, 0.00000, 1.00000, 0.00000, -9.50000, -30.80000, -0.00000, 1.00000},
            {0.44695, 0.89456, 0.00000, 0.00000, -0.89456, 0.44695, -0.00000, 0.00000, -0.00000, 0.00000, 1.00000, 0.00000, -8.29000, -30.80000, -0.00000, 1.00000},
            {0.46247, 0.88664, 0.00000, 0.00000, -0.88664, 0.46247, -0.00000, 0.00000, -0.00000, 0.00000, 1.00000, 0.00000, -8.87000, -31.86000, -0.00000, 1.00000},
            {0.71326, 0.70090, 0.00000, 0.00000, -0.70090, 0.71326, -0.00000, 0.00000, -0.00000, 0.00000, 1.00000, 0.00000, -7.00000, -30.80000, -0.00000, 1.00000},
            {0.81107, 0.58496, 0.00000, 0.00000, -0.58496, 0.81107, -0.00000, 0.00000, -0.00000, 0.00000, 1.00000, 0.00000, -7.58000, -31.86000, -0.00000, 1.00000},
        },
        ["asset/ground/container_big_steel.mdl"] = {
            {0.98629, -0.16505, 0.00000, 0.00000, 0.16505, 0.98629, 0.00000, 0.00000, 0.00000, 0.00000, 1.00000, 0.00000, -17.02859, -23.68725, 0.00000, 1.00000},
        },
        ["asset/ground/container_waste2.mdl"] = {
            {0.99144, 0.13053, 0.00000, 0.00000, -0.13053, 0.99144, 0.00000, 0.00000, 0.00000, 0.00000, 1.00000, 0.00000, 4.14000, -20.24000, -0.00000, 1.00000},
        },
        ["asset/ground/container_wood.mdl"] = {
            {1.00000, 0.00000, 0.00000, 0.00000, 0.00000, 1.00000, 0.00000, 0.00000, 0.00000, 0.00000, 1.00000, 0.00000, 16.27000, -19.78000, -0.00000, 1.00000},
        },
        ["asset/industry/cardboard_box_01.mdl"] = {
            {1.00000, 0.00000, 0.00000, 0.00000, 0.00000, 1.00000, 0.00000, 0.00000, 0.00000, 0.00000, 1.00000, 0.00000, 18.10000, -4.42000, 0.80000, 1.00000},
            {-0.00000, 0.00000, 0.64500, 0.00000, 0.41027, 0.49770, 0.00000, 0.00000, -0.49770, 0.41027, -0.00000, 0.00000, 17.97500, -4.43500, 1.50000, 1.00000},
            {0.99813, 0.06105, 0.00000, 0.00000, -0.06105, 0.99813, 0.00000, 0.00000, 0.00000, 0.00000, 1.00000, 0.00000, 17.45000, -4.42000, 0.80000, 1.00000},
        },
        ["asset/industry/cardboard_box_02.mdl"] = {
            {-1.00000, 0.00000, 0.00000, 0.00000, -0.00000, -1.00000, -0.00000, 0.00000, 0.00000, -0.00000, 1.00000, 0.00000, -3.02000, -3.80000, 0.80000, 1.00000},
        },
        ["asset/industry/metal_beam_01.mdl"] = {
            {1.00000, 0.00000, 0.00000, 0.00000, 0.00000, 1.00000, 0.00000, 0.00000, 0.00000, 0.00000, 1.00000, 0.00000, 7.60000, -28.15000, 0.00000, 1.00000},
            {1.00000, 0.00000, 0.00000, 0.00000, 0.00000, 1.00000, 0.00000, 0.00000, 0.00000, 0.00000, 1.00000, 0.00000, 8.33000, -28.15000, 0.00000, 1.00000},
            {0.99966, 0.02618, 0.00000, 0.00000, -0.02618, 0.99966, 0.00000, 0.00000, 0.00000, 0.00000, 1.00000, 0.00000, 9.12000, -28.16000, 0.00000, 1.00000},
        },
        ["asset/industry/pallet_01.mdl"] = {
            {0.28903, -0.95732, 0.00000, 0.00000, 0.95732, 0.28903, 0.00000, 0.00000, 0.00000, 0.00000, 1.00000, 0.00000, -16.97000, -1.46500, 0.80000, 1.00000},
            {0.28903, -0.95732, 0.00000, 0.00000, 0.95732, 0.28903, 0.00000, 0.00000, 0.00000, 0.00000, 1.00000, 0.00000, -6.20000, -4.04000, 0.80000, 1.00000},
            {0.01396, -0.99990, 0.00000, 0.00000, 0.99990, 0.01396, 0.00000, 0.00000, 0.00000, 0.00000, 1.00000, 0.00000, -6.20000, -4.04000, 0.95000, 1.00000},
            {0.13572, -0.99075, 0.00000, 0.00000, 0.99075, 0.13572, 0.00000, 0.00000, 0.00000, 0.00000, 1.00000, 0.00000, -6.21000, -4.03500, 1.09500, 1.00000},
            {0.20450, -0.97887, 0.00000, 0.00000, 0.97887, 0.20450, 0.00000, 0.00000, 0.00000, 0.00000, 1.00000, 0.00000, -6.21000, -4.03500, 1.24000, 1.00000},
            {-0.20450, 0.97887, 0.00000, 0.00000, 0.97887, 0.20450, -0.00000, 0.00000, -0.00000, -0.00000, -1.00000, 0.00000, 15.55000, -26.70000, 1.03500, 1.00000},
            {-0.10829, 0.99332, -0.03988, 0.00000, 0.98964, 0.10391, -0.09911, 0.00000, -0.09430, -0.05020, -0.99428, 0.00000, -16.37141, -21.95275, 1.64717, 1.00000},
            {0.02699, 0.39191, -0.91961, 0.00000, 0.99688, -0.07885, -0.00434, 0.00000, -0.07422, -0.91662, -0.39281, 0.00000, -16.32600, -20.17600, 0.51200, 1.00000},
        },
        ["asset/industry/steal_pipes_01.mdl"] = {
            {-0.00000, -1.00000, 0.00000, 0.00000, 1.00000, -0.00000, 0.00000, 0.00000, 0.00000, 0.00000, 1.00000, 0.00000, -8.70000, -24.60000, 0.00000, 1.00000},
            {-0.00000, -1.00000, 0.00000, 0.00000, 1.00000, -0.00000, 0.00000, 0.00000, 0.00000, 0.00000, 1.00000, 0.00000, -8.70000, -26.00000, 0.00000, 1.00000},
            {-0.00000, -1.00000, 0.00000, 0.00000, 1.00000, -0.00000, 0.00000, 0.00000, 0.00000, 0.00000, 1.00000, 0.00000, -8.58000, -27.65000, 0.00000, 1.00000},
            {-0.00000, -1.00000, 0.00000, 0.00000, 1.00000, -0.00000, 0.00000, 0.00000, 0.00000, 0.00000, 1.00000, 0.00000, -8.62000, -29.00000, 0.00000, 1.00000},
        },
        ["asset/industry/wood_plates_01.mdl"] = {
            {1.00000, 0.00000, 0.00000, 0.00000, 0.00000, 1.00000, 0.00000, 0.00000, 0.00000, 0.00000, 1.00000, 0.00000, 10.85000, -25.92000, 0.00000, 1.00000},
            {-1.00000, -0.00000, 0.00000, 0.00000, 0.00000, -1.00000, 0.00000, 0.00000, 0.00000, 0.00000, 1.00000, 0.00000, 10.81800, -25.88600, 0.35400, 1.00000},
            {-0.25882, 0.00000, -0.96593, 0.00000, -0.00000, -1.00000, 0.00000, 0.00000, -0.96593, 0.00000, 0.25882, 0.00000, 10.20500, -25.88600, 0.53000, 1.00000},
        },
        ["asset/industry/wood_plates_02.mdl"] = {
            {-1.00000, 0.00000, -0.00000, 0.00000, 0.00000, 1.00000, 0.00000, 0.00000, 0.00000, 0.00000, -1.00000, 0.00000, 10.85000, -29.30000, 0.35000, 1.00000},
        },
        ["asset/industry/wooden_box_01.mdl"] = {
            {0.94552, 0.32557, 0.00000, 0.00000, -0.32557, 0.94552, 0.00000, 0.00000, 0.00000, 0.00000, 1.00000, 0.00000, -16.97000, -1.42500, 0.95500, 1.00000},
            {-0.00000, 1.00000, 0.00000, 0.00000, -1.00000, -0.00000, 0.00000, 0.00000, 0.00000, 0.00000, 1.00000, 0.00000, -15.14000, -4.13500, 0.80000, 1.00000},
            {-0.00000, 1.00000, 0.00000, 0.00000, -1.00000, -0.00000, 0.00000, 0.00000, 0.00000, 0.00000, 1.00000, 0.00000, -14.93500, -4.22500, 1.69500, 1.00000},
        },
        ["asset/industry/wooden_box_02.mdl"] = {
            {1.00000, 0.00000, 0.00000, 0.00000, 0.00000, 1.00000, 0.00000, 0.00000, 0.00000, 0.00000, 1.00000, 0.00000, 15.15000, -27.05000, 0.00000, 1.00000},
            {1.00000, 0.00000, 0.00000, 0.00000, 0.00000, 1.00000, 0.00000, 0.00000, 0.00000, 0.00000, 1.00000, 0.00000, 16.19000, -27.05000, 0.00000, 1.00000},
            {-1.00000, -0.00000, 0.00000, 0.00000, 0.00000, -1.00000, 0.00000, 0.00000, 0.00000, 0.00000, 1.00000, 0.00000, 15.15000, -28.28000, 0.00000, 1.00000},
            {1.00000, 0.00000, 0.00000, 0.00000, 0.00000, 1.00000, 0.00000, 0.00000, 0.00000, 0.00000, 1.00000, 0.00000, 16.19000, -28.28000, 0.00000, 1.00000},
            {1.00000, 0.00000, 0.00000, 0.00000, 0.00000, 1.00000, 0.00000, 0.00000, 0.00000, 0.00000, 1.00000, 0.00000, 16.60000, -28.28000, 0.89000, 1.00000},
            {1.00000, 0.00000, 0.00000, 0.00000, 0.00000, 1.00000, 0.00000, 0.00000, 0.00000, 0.00000, 1.00000, 0.00000, 17.24000, -28.28000, 0.00000, 1.00000},
            {-1.00000, -0.00000, 0.00000, 0.00000, 0.00000, -1.00000, 0.00000, 0.00000, 0.00000, 0.00000, 1.00000, 0.00000, 15.15000, -29.55000, 0.00000, 1.00000},
            {-1.00000, -0.00000, 0.00000, 0.00000, 0.00000, -1.00000, 0.00000, 0.00000, 0.00000, 0.00000, 1.00000, 0.00000, 15.58000, -28.28000, 0.89000, 1.00000},
            {1.00000, 0.00000, -0.00000, 0.00000, -0.00000, 1.00000, -0.00000, 0.00000, 0.00000, 0.00000, 1.00000, 0.00000, 16.27000, -29.55000, -0.00000, 1.00000},
            {1.00000, 0.00000, -0.00000, 0.00000, -0.00000, 1.00000, -0.00000, 0.00000, 0.00000, 0.00000, 1.00000, 0.00000, 16.68000, -29.55000, 0.89000, 1.00000},
            {-1.00000, -0.00000, 0.00000, 0.00000, 0.00000, -1.00000, 0.00000, 0.00000, 0.00000, 0.00000, 1.00000, 0.00000, 17.33000, -29.55000, -0.00000, 1.00000},
            {-1.00000, -0.00000, 0.00000, 0.00000, 0.00000, -1.00000, 0.00000, 0.00000, 0.00000, 0.00000, 1.00000, 0.00000, 15.15000, -30.80000, -0.00000, 1.00000},
            {-1.00000, -0.00000, 0.00000, 0.00000, 0.00000, -1.00000, 0.00000, 0.00000, 0.00000, 0.00000, 1.00000, 0.00000, 16.27000, -30.74000, -0.00000, 1.00000},
            {-1.00000, -0.00000, 0.00000, 0.00000, 0.00000, -1.00000, 0.00000, 0.00000, 0.00000, 0.00000, 1.00000, 0.00000, 15.65000, -29.47000, 0.89000, 1.00000},
            {-1.00000, -0.00000, 0.00000, 0.00000, 0.00000, -1.00000, 0.00000, 0.00000, 0.00000, 0.00000, 1.00000, 0.00000, 17.33000, -30.80000, -0.00000, 1.00000},
        },
        ["station/rail/asset/cargo_lamps.mdl"] = {
            {1.00000, 0.00000, 0.00000, 0.00000, 0.00000, 1.00000, 0.00000, 0.00000, 0.00000, 0.00000, 1.00000, 0.00000, -5.00000, -30.00000, 0.00000, 1.00000},
            {1.00000, 0.00000, 0.00000, 0.00000, 0.00000, 1.00000, 0.00000, 0.00000, 0.00000, 0.00000, 1.00000, 0.00000, 5.00000, -30.00000, 0.00000, 1.00000},
            {1.00000, 0.00000, 0.00000, 0.00000, 0.00000, 1.00000, 0.00000, 0.00000, 0.00000, 0.00000, 1.00000, 0.00000, 15.00000, -25.00000, 0.00000, 1.00000},
            {1.00000, 0.00000, 0.00000, 0.00000, 0.00000, 1.00000, 0.00000, 0.00000, 0.00000, 0.00000, 1.00000, 0.00000, -15.00000, -25.00000, 0.00000, 1.00000},
        },
        ["station/rail/asset/cargo_name_board.mdl"] = {
            {1.00000, 0.00000, 0.00000, 0.00000, 0.00000, 1.00000, 0.00000, 0.00000, 0.00000, 0.00000, 1.00000, 0.00000, -5.35000, -21.28000, 0.00000, 1.00000},
        },
        ["station/rail/asset/cargo_pallet_jack.mdl"] = {
            {-0.96222, -0.27228, 0.00000, 0.00000, 0.27228, -0.96222, 0.00000, 0.00000, 0.00000, 0.00000, 1.00000, 0.00000, -16.71000, -1.36500, 0.80000, 1.00000},
            {0.91706, -0.39875, 0.00000, 0.00000, 0.39875, 0.91706, 0.00000, 0.00000, 0.00000, 0.00000, 1.00000, 0.00000, -10.15000, -4.05000, 0.80000, 1.00000},
        },
        ["station/rail/asset/cargo_speakers.mdl"] = {
            {1.00000, 0.00000, 0.00000, 0.00000, 0.00000, 1.00000, 0.00000, 0.00000, 0.00000, 0.00000, 1.00000, 0.00000, -8.50000, -3.50000, 0.80000, 1.00000},
            {1.00000, 0.00000, 0.00000, 0.00000, 0.00000, 1.00000, 0.00000, 0.00000, 0.00000, 0.00000, 1.00000, 0.00000, 8.50000, -3.50000, 0.80000, 1.00000},
        },
    },
}
--End Generated

local fitModels = {
    surface = ust.fitModel(4.4, 5, -2, true, true),
    edge = ust.fitModel(0.3, 5, -2, true, true),
}

local fitMdl = {
    ["xe_yi_left"] = fitModels.edge,
    ["xe_yi_right"] = fitModels.edge,
    ["yi_centre"] = fitModels.surface,
    ["ye_centre"] = fitModels.surface,
    ["xe_ye_left"] = fitModels.edge,
    ["xe_ye_right"] = fitModels.edge,
}

local mdls = {
    main = "ust/main_buildings/cargo/station_3_main.mdl",
    end_left = "ust/main_buildings/cargo/station_3_main_end_l.mdl",
    end_right = "ust/main_buildings/cargo/station_3_main_end_r.mdl",
}

local config = {
    width = 40,
    extend = { 21, -21, 0, -38, 4, 0 },
    generatedData = generatedData,
    mdlList = {
        mdls.end_left,
        mdls.end_right,
        mdls.main
    },
    connectors = {
        coor.xyz(0, -2.5, 0),
        coor.xyz(10, -2.5, 0),
        coor.xyz(20, -2.5, 0),
        coor.xyz(-10, -2.5, 0),
        coor.xyz(-20, -2.5, 0)
    },
	fitMdl = fitMdl,
	edgeWidth = 0.25,
	depth = 2.25,
	path = "ust/platform/cargo/"
}


local updateFn = function(result, transform, tag, slotId, addModelFn, params)
    game.res.script["construction/station/rail/ust/struct/building"].updateFn(result, transform, tag, slotId, addModelFn, params, config)
end

function data()
    return {
        availability = {
            yearFrom = 0,
            yearTo = 0,
        },
        buildMode = "SINGLE",
        cost = {
            price = 0,
        },
        description = {
            name = _("MENU_MODULE_MAIN_ENTRY_CARGO_40"),
            description = _("MENU_MODULE_MAIN_ENTRY_CARGO_40_DESC"),
            icon = "ui/construction/station/rail/modular_station/main_building_3_cargo.tga"
        },
        category = {
            categories = {"ust_cat_entry"},
        },
        type = "ust_component_main_40",
        order = {
            value = 115,
        },
        metadata = {
            scriptName = "construction/station/rail/ust/struct/building",
            classify = "classify",
            typeName = "ust_component_main_40",
            isComponent = true,
            isBuilding = true,
            typeId = 33,
            moreCapacity = {
                cargo = 80
            }
        },
        
        updateFn = updateFn,
        
        getModelsFn = function(params)
            return {}
        end
    }

end
