local coor = require "ust/coor"
local ust = require "ust"

--Begin Generated
local generatedData = {
    ["cargo_station_2_assets_1"] = {
        ["asset/ground/barrel_wood.mdl"] = {
        -- { 1.00000, 0.00000, 0.00000, 0.00000, 0.00000, 1.00000, 0.00000, 0.00000, 0.00000, 0.00000, 1.00000, 0.00000, 4.88000, -18.80000, -0.00000, 1.00000 },
        -- { 0.85542, 0.51793, 0.00000, 0.00000, -0.51793, 0.85542, -0.00000, 0.00000, -0.00000, 0.00000, 1.00000, 0.00000, 1.75000, -24.10000, -0.00000, 1.00000 },
        -- { 1.00000, 0.00000, 0.00000, 0.00000, 0.00000, 1.00000, 0.00000, 0.00000, 0.00000, 0.00000, 1.00000, 0.00000, 1.89000, -25.18000, -0.00000, 1.00000 },
        -- { 0.74295, 0.66935, 0.00000, 0.00000, -0.66935, 0.74295, -0.00000, 0.00000, -0.00000, 0.00000, 1.00000, 0.00000, 1.89000, -26.41000, -0.00000, 1.00000 },
        -- { 0.70291, 0.71128, 0.00000, 0.00000, -0.71128, 0.70291, -0.00000, 0.00000, -0.00000, 0.00000, 1.00000, 0.00000, 1.77000, -27.58000, -0.00000, 1.00000 },
        -- { 1.00000, 0.00000, 0.00000, 0.00000, 0.00000, 1.00000, 0.00000, 0.00000, 0.00000, 0.00000, 1.00000, 0.00000, 2.91000, -24.10000, -0.00000, 1.00000 },
        -- { 0.55353, 0.83283, 0.00000, 0.00000, -0.83283, 0.55353, -0.00000, 0.00000, -0.00000, 0.00000, 1.00000, 0.00000, 3.05000, -25.18000, -0.00000, 1.00000 },
        -- { 0.73566, 0.67735, 0.00000, 0.00000, -0.67735, 0.73566, -0.00000, 0.00000, -0.00000, 0.00000, 1.00000, 0.00000, 3.05000, -26.41000, -0.00000, 1.00000 },
        -- { 1.00000, 0.00000, 0.00000, 0.00000, 0.00000, 1.00000, 0.00000, 0.00000, 0.00000, 0.00000, 1.00000, 0.00000, 2.93000, -27.58000, -0.00000, 1.00000 },
        -- { 0.37132, -0.92849, 0.00464, 0.00000, 0.01902, 0.00261, -0.99982, 0.00000, 0.92831, 0.37134, 0.01863, 0.00000, 4.87087, -20.08125, 0.47991, 1.00000 },
        },
        ["asset/ground/container_small_steel.mdl"] = {
        -- { -0.00698, 0.99998, 0.00000, 0.00000, -0.99998, -0.00698, 0.00000, 0.00000, 0.00000, 0.00000, 1.00000, 0.00000, -6.20000, -22.96000, -0.00000, 1.00000 },
        -- { -0.00698, 0.99998, 0.00000, 0.00000, -0.99998, -0.00698, 0.00000, 0.00000, 0.00000, 0.00000, 1.00000, 0.00000, -6.20000, -22.96000, 1.09000, 1.00000 },
        -- { -0.00698, 0.99998, 0.00000, 0.00000, -0.99998, -0.00698, 0.00000, 0.00000, 0.00000, 0.00000, 1.00000, 0.00000, -6.19176, -24.13997, -0.00000, 1.00000 },
        -- { 0.00698, -0.99998, 0.00000, 0.00000, 0.99998, 0.00698, -0.00000, 0.00000, -0.00000, 0.00000, 1.00000, 0.00000, -6.19176, -24.13997, 1.09000, 1.00000 },
        -- { -0.00698, 0.99998, 0.00000, 0.00000, -0.99998, -0.00698, 0.00000, 0.00000, 0.00000, 0.00000, 1.00000, 0.00000, -6.18325, -25.35994, -0.00000, 1.00000 },
        -- { -0.00698, 0.99998, 0.00000, 0.00000, -0.99998, -0.00698, 0.00000, 0.00000, 0.00000, 0.00000, 1.00000, 0.00000, -6.18325, -25.35994, 1.09000, 1.00000 },
        -- { 0.00698, -0.99998, 0.00000, 0.00000, 0.99998, 0.00698, -0.00000, 0.00000, -0.00000, 0.00000, 1.00000, 0.00000, -6.17487, -26.55991, -0.00000, 1.00000 },
        -- { -0.00698, 0.99998, 0.00000, 0.00000, -0.99998, -0.00698, 0.00000, 0.00000, 0.00000, 0.00000, 1.00000, 0.00000, -6.16705, -27.67988, -0.00000, 1.00000 },
        -- { -0.00698, 0.99998, 0.00000, 0.00000, -0.99998, -0.00698, 0.00000, 0.00000, 0.00000, 0.00000, 1.00000, 0.00000, -7.89996, -22.97187, -0.00000, 1.00000 },
        -- { 0.00698, -0.99998, 0.00000, 0.00000, 0.99998, 0.00698, -0.00000, 0.00000, -0.00000, 0.00000, 1.00000, 0.00000, -7.89996, -22.97187, 1.09000, 1.00000 },
        -- { -0.00698, 0.99998, 0.00000, 0.00000, -0.99998, -0.00698, 0.00000, 0.00000, 0.00000, 0.00000, 1.00000, 0.00000, -7.89172, -24.15184, -0.00000, 1.00000 },
        -- { -0.00698, 0.99998, 0.00000, 0.00000, -0.99998, -0.00698, 0.00000, 0.00000, 0.00000, 0.00000, 1.00000, 0.00000, -7.89172, -24.15184, 1.09000, 1.00000 },
        -- { -0.00698, 0.99998, 0.00000, 0.00000, -0.99998, -0.00698, 0.00000, 0.00000, 0.00000, 0.00000, 1.00000, 0.00000, -7.88320, -25.37181, -0.00000, 1.00000 },
        -- { -0.00698, 0.99998, 0.00000, 0.00000, -0.99998, -0.00698, 0.00000, 0.00000, 0.00000, 0.00000, 1.00000, 0.00000, -7.88320, -25.37181, 1.09000, 1.00000 },
        -- { 0.00698, -0.99998, 0.00000, 0.00000, 0.99998, 0.00698, -0.00000, 0.00000, -0.00000, 0.00000, 1.00000, 0.00000, -7.87483, -26.57178, -0.00000, 1.00000 },
        -- { -0.00698, 0.99998, 0.00000, 0.00000, -0.99998, -0.00698, 0.00000, 0.00000, 0.00000, 0.00000, 1.00000, 0.00000, -7.90764, -21.87189, -0.00000, 1.00000 },
        },
        ["asset/ground/container_wood.mdl"] = {
            {1.00000, 0.00000, 0.00000, 0.00000, 0.00000, 1.00000, 0.00000, 0.00000, 0.00000, 0.00000, 1.00000, 0.00000, 7.45000, -16.57500, -0.00000, 1.00000},
        },
        ["asset/industry/cardboard_box_01.mdl"] = {
            {1.00000, 0.00000, 0.00000, 0.00000, 0.00000, 1.00000, 0.00000, 0.00000, 0.00000, 0.00000, 1.00000, 0.00000, -9.33000, -4.32000, 0.80000, 1.00000},
            {0.34202, 0.93969, 0.00000, 0.00000, -0.93969, 0.34202, 0.00000, 0.00000, 0.00000, 0.00000, 1.00000, 0.00000, -8.42500, -4.44000, 0.80000, 1.00000},
            {0.34202, 0.93969, 0.00000, 0.00000, -0.93969, 0.34202, 0.00000, 0.00000, 0.00000, 0.00000, 1.00000, 0.00000, -5.76000, -16.36000, 0.00000, 1.00000},
            {0.15643, 0.98769, 0.00000, 0.00000, 0.00000, -0.00000, -1.00000, 0.00000, -0.98769, 0.15643, -0.00000, 0.00000, -5.57000, -16.36000, 0.95500, 1.00000},
        },
        ["asset/industry/cardboard_box_02.mdl"] = {
            {-0.11320, -0.99357, 0.00000, 0.00000, 0.99357, -0.11320, -0.00000, 0.00000, 0.00000, -0.00000, 1.00000, 0.00000, -7.03000, -16.57000, 0.00000, 1.00000},
        },
        ["asset/industry/pallet_01.mdl"] = {
            {1.00000, 0.00000, 0.00000, 0.00000, 0.00000, -0.25882, -0.96593, 0.00000, 0.00000, 0.96593, -0.25882, 0.00000, 5.05000, -16.29207, 0.61225, 1.00000},
        },
        ["asset/industry/steal_pipes_01.mdl"] = {
            {-0.00000, -1.00000, 0.00000, 0.00000, 1.00000, -0.00000, 0.00000, 0.00000, 0.00000, 0.00000, 1.00000, 0.00000, 2.36000, -4.30000, 0.74000, 1.00000},
        },
        ["station/rail/asset/cargo_lamps.mdl"] = {
            {1.00000, 0.00000, 0.00000, 0.00000, 0.00000, 1.00000, 0.00000, 0.00000, 0.00000, 0.00000, 1.00000, 0.00000, 5.00000, -21.00000, 0.00000, 1.00000},
            {1.00000, 0.00000, 0.00000, 0.00000, 0.00000, 1.00000, 0.00000, 0.00000, 0.00000, 0.00000, 1.00000, 0.00000, -5.00000, -21.00000, 0.00000, 1.00000},
        },
        ["station/rail/asset/cargo_pallet_jack.mdl"] = {
            {0.81915, -0.57358, 0.00000, 0.00000, 0.57358, 0.81915, 0.00000, 0.00000, 0.00000, 0.00000, 1.00000, 0.00000, 2.02000, -2.48000, 0.80000, 1.00000},
            {0.99027, 0.13917, 0.00000, 0.00000, -0.13917, 0.99027, 0.00000, 0.00000, 0.00000, 0.00000, 1.00000, 0.00000, 3.14000, -17.12000, 0.00000, 1.00000},
        },
    },
}
--End Generated


local fitModels = {
    surface = ust.fitModel(4.4, 5, -2, true, true),
    edge = ust.fitModel(0.3, 5, -2, true, true),
}

local fitMdl = {
    ["xe_yi_left"] = fitModels.edge,
    ["xe_yi_right"] = fitModels.edge,
    ["yi_centre"] = fitModels.surface,
}

local mdls = {
    main = "ust/main_buildings/cargo/station_2.mdl",
    end_left = "ust/main_buildings/cargo/station_2_end_l.mdl",
    end_right = "ust/main_buildings/cargo/station_2_end_r.mdl",
}

local config = {
    width = 20,
    extend = { 11, -11, 0, -23, 4, 0 },
    generatedData = generatedData,
    mdlList = {
        mdls.end_left,
        mdls.end_right,
        mdls.main
    },
    connectors = {
        coor.xyz(0, -2.5, 0),
        coor.xyz(10, -2.5, 0),
        coor.xyz(-10, -2.5, 0),
    },
	fitMdl = fitMdl,
	edgeWidth = 0.3,
	depth = 2.5,
	path = "ust/platform/cargo/"
}

local updateFn = function(result, transform, tag, slotId, addModelFn, params)
    game.res.script["construction/station/rail/ust/struct/building"].updateFn(result, transform, tag, slotId, addModelFn, params, config)
end

function data()
    return {
        availability = {
            yearFrom = 0,
            yearTo = 0,
        },
        buildMode = "SINGLE",
        cost = {
            price = 0,
        },
        description = {
            name = _("MENU_MODULE_SIDE_ENTRY_CARGO_20"),
            description = _("MENU_MODULE_SIDE_ENTRY_CARGO_20_DESC"),
            icon = "ui/construction/station/rail/modular_station/side_building_2_cargo.tga"
        },
        category = {
            categories = {"ust_cat_entry"},
        },
        type = "ust_component_main_20",
        order = {
            value = 115,
        },
        metadata = {
            scriptName = "construction/station/rail/ust/struct/building",
            classify = "classify",
            typeName = "ust_component_main_20",
            isComponent = true,
            isBuilding = true,
            typeId = 32,
            moreCapacity = {
                cargo = 40
            }
        },
        
        updateFn = updateFn,
        
        getModelsFn = function(params)
            return {}
        end
    }

end
