local coor = require "ust/coor"
local ust = require "ust"

--Begin Generated
local generatedData = {
    ["cargo_station_3_assets_1"] = {
        ["asset/ground/barrel_steel.mdl"] = {
            {0.46691, -0.88431, 0.00000, 0.00000, 0.88431, 0.46691, 0.00000, 0.00000, -0.00000, 0.00000, 1.00000, 0.00000, 7.00000, -23.45000, -0.00000, 1.00000},
            {0.46691, -0.88431, 0.00000, 0.00000, 0.88431, 0.46691, 0.00000, 0.00000, -0.00000, 0.00000, 1.00000, 0.00000, 5.54000, -22.89000, 0.16000, 1.00000},
            {-0.53826, 0.84278, 0.00000, 0.00000, -0.84278, -0.53826, 0.00000, 0.00000, 0.00000, -0.00000, 1.00000, 0.00000, 7.92000, -23.38000, -0.00000, 1.00000},
            {0.17613, -0.98437, 0.00000, 0.00000, 0.98437, 0.17613, 0.00000, 0.00000, -0.00000, 0.00000, 1.00000, 0.00000, 7.03361, -26.20000, -0.00000, 1.00000},
            {0.17613, -0.98437, 0.00000, 0.00000, 0.98437, 0.17613, 0.00000, 0.00000, -0.00000, 0.00000, 1.00000, 0.00000, 7.51689, -26.20000, 1.42000, 1.00000},
            {-0.79479, 0.60689, 0.00000, 0.00000, -0.60689, -0.79479, 0.00000, 0.00000, 0.00000, 0.00000, 1.00000, 0.00000, 7.95408, -26.13000, -0.00000, 1.00000},
            {-0.79479, 0.60689, 0.00000, 0.00000, -0.60689, -0.79479, 0.00000, 0.00000, 0.00000, 0.00000, 1.00000, 0.00000, 6.21408, -26.13000, -0.00000, 1.00000},
            {0.75180, -0.65939, 0.00000, 0.00000, 0.65939, 0.75180, 0.00000, 0.00000, -0.00000, 0.00000, 1.00000, 0.00000, 6.95000, -24.45000, -0.00000, 1.00000},
            {0.75180, -0.65939, 0.00000, 0.00000, 0.65939, 0.75180, 0.00000, 0.00000, -0.00000, 0.00000, 1.00000, 0.00000, 7.43328, -24.45000, 1.42000, 1.00000},
            {-0.93796, -0.34673, 0.00000, 0.00000, 0.34673, -0.93796, -0.00000, 0.00000, 0.00000, -0.00000, 1.00000, 0.00000, 7.87000, -24.38000, -0.00000, 1.00000},
            {-0.93796, -0.34673, 0.00000, 0.00000, 0.34673, -0.93796, -0.00000, 0.00000, 0.00000, -0.00000, 1.00000, 0.00000, 6.13000, -30.58000, -0.00000, 1.00000},
            {0.46473, -0.88545, 0.00000, 0.00000, 0.88545, 0.46473, 0.00000, 0.00000, -0.00000, 0.00000, 1.00000, 0.00000, 6.95000, -27.09000, -0.00000, 1.00000},
            {0.46473, -0.88545, 0.00000, 0.00000, 0.88545, 0.46473, 0.00000, 0.00000, -0.00000, 0.00000, 1.00000, 0.00000, 7.43328, -27.09000, 1.42000, 1.00000},
            {-0.76183, 0.64778, 0.00000, 0.00000, -0.64778, -0.76183, 0.00000, 0.00000, 0.00000, 0.00000, 1.00000, 0.00000, 7.90346, -27.02000, -0.00000, 1.00000},
            {-0.76183, 0.64778, 0.00000, 0.00000, -0.64778, -0.76183, 0.00000, 0.00000, 0.00000, 0.00000, 1.00000, 0.00000, 6.16346, -27.02000, -0.00000, 1.00000},
            {0.16474, -0.98634, 0.00000, 0.00000, 0.98634, 0.16474, 0.00000, 0.00000, -0.00000, 0.00000, 1.00000, 0.00000, 6.95000, -28.85000, -0.00000, 1.00000},
            {-0.83398, 0.55179, 0.00000, 0.00000, -0.55179, -0.83398, 0.00000, 0.00000, 0.00000, 0.00000, 1.00000, 0.00000, 7.87000, -28.78000, -0.00000, 1.00000},
            {-0.83398, 0.55179, 0.00000, 0.00000, -0.55179, -0.83398, 0.00000, 0.00000, 0.00000, 0.00000, 1.00000, 0.00000, 6.13000, -28.78000, -0.00000, 1.00000},
            {-0.50052, -0.86573, 0.00000, 0.00000, 0.86573, -0.50052, 0.00000, 0.00000, -0.00000, 0.00000, 1.00000, 0.00000, 7.00000, -25.35000, -0.00000, 1.00000},
            {-0.50052, -0.86573, 0.00000, 0.00000, 0.86573, -0.50052, 0.00000, 0.00000, -0.00000, 0.00000, 1.00000, 0.00000, 7.48328, -25.35000, 1.42000, 1.00000},
            {-0.44725, 0.89441, 0.00000, 0.00000, -0.89441, -0.44725, 0.00000, 0.00000, 0.00000, -0.00000, 1.00000, 0.00000, 7.96502, -25.28000, -0.00000, 1.00000},
            {-0.44725, 0.89441, 0.00000, 0.00000, -0.89441, -0.44725, 0.00000, 0.00000, 0.00000, -0.00000, 1.00000, 0.00000, 7.00000, -30.70000, -0.00000, 1.00000},
            {0.22811, -0.97364, 0.00000, 0.00000, 0.97364, 0.22811, 0.00000, 0.00000, -0.00000, 0.00000, 1.00000, 0.00000, 7.00000, -27.99000, -0.00000, 1.00000},
            {0.22811, -0.97364, 0.00000, 0.00000, 0.97364, 0.22811, 0.00000, 0.00000, -0.00000, 0.00000, 1.00000, 0.00000, 7.48328, -27.99000, 1.42000, 1.00000},
            {-0.70017, 0.71397, 0.00000, 0.00000, -0.71397, -0.70017, 0.00000, 0.00000, 0.00000, 0.00000, 1.00000, 0.00000, 7.92000, -27.92000, -0.00000, 1.00000},
            {-0.70017, 0.71397, 0.00000, 0.00000, -0.71397, -0.70017, 0.00000, 0.00000, 0.00000, 0.00000, 1.00000, 0.00000, 6.18000, -27.92000, -0.00000, 1.00000},
            {0.22877, -0.97348, 0.00000, 0.00000, 0.97348, 0.22877, 0.00000, 0.00000, -0.00000, 0.00000, 1.00000, 0.00000, 7.03000, -29.75000, -0.00000, 1.00000},
            {-0.99072, 0.13592, 0.00000, 0.00000, -0.13592, -0.99072, 0.00000, 0.00000, 0.00000, 0.00000, 1.00000, 0.00000, 7.92000, -29.68000, -0.00000, 1.00000},
            {-0.99072, 0.13592, 0.00000, 0.00000, -0.13592, -0.99072, 0.00000, 0.00000, 0.00000, 0.00000, 1.00000, 0.00000, 6.18000, -29.68000, -0.00000, 1.00000},
        },
        ["asset/ground/container_waste3.mdl"] = {
            {1.00000, 0.00000, 0.00000, 0.00000, 0.00000, 1.00000, 0.00000, 0.00000, 0.00000, 0.00000, 1.00000, 0.00000, -6.41000, -19.75000, -0.00000, 1.00000},
        },
        ["asset/ground/container_waste3_open.mdl"] = {
            {1.00000, 0.00000, 0.00000, 0.00000, 0.00000, 1.00000, 0.00000, 0.00000, 0.00000, 0.00000, 1.00000, 0.00000, -8.60000, -19.78000, -0.00000, 1.00000},
        },
        ["asset/industry/metal_beam_01.mdl"] = {
            {1.00000, 0.00000, 0.00000, 0.00000, 0.00000, 1.00000, 0.00000, 0.00000, 0.00000, 0.00000, 1.00000, 0.00000, -6.20000, -26.10000, 0.00000, 1.00000},
            {1.00000, 0.00000, 0.00000, 0.00000, 0.00000, 1.00000, 0.00000, 0.00000, 0.00000, 0.00000, 1.00000, 0.00000, -7.09500, -26.10000, 0.00000, 1.00000},
            {1.00000, 0.00000, 0.00000, 0.00000, 0.00000, 1.00000, 0.00000, 0.00000, 0.00000, 0.00000, 1.00000, 0.00000, -7.87500, -26.10000, 0.00000, 1.00000},
            {1.00000, 0.00000, 0.00000, 0.00000, 0.00000, 1.00000, 0.00000, 0.00000, 0.00000, 0.00000, 1.00000, 0.00000, -6.65500, -26.10000, 0.60000, 1.00000},
        },
        ["asset/industry/pallet_01.mdl"] = {
            {1.00000, 0.00000, 0.00000, 0.00000, 0.00000, 0.25882, -0.96593, 0.00000, 0.00000, 0.96593, 0.25882, 0.00000, -1.05000, -0.63500, 1.38000, 1.00000},
            {1.00000, 0.00000, 0.00000, 0.00000, 0.00000, 1.00000, 0.00000, 0.00000, 0.00000, 0.00000, 1.00000, 0.00000, 5.50500, -22.83500, 0.00000, 1.00000},
        },
        ["asset/industry/wooden_box_02.mdl"] = {
            {0.99985, -0.01745, 0.00000, 0.00000, 0.01745, 0.99985, 0.00000, 0.00000, 0.00000, 0.00000, 1.00000, 0.00000, -0.80000, -1.35000, 0.80000, 1.00000},
            {0.99985, -0.01745, 0.00000, 0.00000, 0.01745, 0.99985, 0.00000, 0.00000, 0.00000, 0.00000, 1.00000, 0.00000, 4.35921, -1.44005, 0.80000, 1.00000},
            {0.99939, 0.03490, 0.00000, 0.00000, -0.03490, 0.99939, 0.00000, 0.00000, 0.00000, 0.00000, 1.00000, 0.00000, -1.87000, -1.35000, 0.80000, 1.00000},
            {-0.99939, -0.03490, 0.00000, 0.00000, 0.03490, -0.99939, 0.00000, 0.00000, 0.00000, 0.00000, 1.00000, 0.00000, 3.29244, -1.32982, 0.80000, 1.00000},
            {-0.99939, -0.03490, 0.00000, 0.00000, 0.03490, -0.99939, 0.00000, 0.00000, 0.00000, 0.00000, 1.00000, 0.00000, -1.30000, -1.35000, 1.69000, 1.00000},
            {-0.99985, -0.01745, 0.00000, 0.00000, 0.01745, -0.99985, 0.00000, 0.00000, 0.00000, 0.00000, 1.00000, 0.00000, -2.86000, -1.35000, 0.80000, 1.00000},
            {-0.99985, -0.01745, 0.00000, 0.00000, 0.01745, -0.99985, 0.00000, 0.00000, 0.00000, 0.00000, 1.00000, 0.00000, -8.01921, -1.44005, 0.80000, 1.00000},
            {0.99985, 0.01745, 0.00000, 0.00000, -0.01745, 0.99985, 0.00000, 0.00000, 0.00000, 0.00000, 1.00000, 0.00000, -2.29000, -1.35000, 1.69000, 1.00000},
            {0.99985, 0.01745, 0.00000, 0.00000, -0.01745, 0.99985, 0.00000, 0.00000, 0.00000, 0.00000, 1.00000, 0.00000, -3.89000, -1.35000, 0.80000, 1.00000},
        },
        ["station/rail/asset/cargo_lamps.mdl"] = {
            {1.00000, 0.00000, 0.00000, 0.00000, 0.00000, 1.00000, 0.00000, 0.00000, 0.00000, 0.00000, 1.00000, 0.00000, 5.00000, -25.00000, 0.00000, 1.00000},
            {1.00000, 0.00000, 0.00000, 0.00000, 0.00000, 1.00000, 0.00000, 0.00000, 0.00000, 0.00000, 1.00000, 0.00000, -5.00000, -25.00000, 0.00000, 1.00000},
        },
        ["station/rail/asset/cargo_pallet_jack.mdl"] = {
            {0.21644, -0.97630, 0.00000, 0.00000, 0.97630, 0.21644, 0.00000, 0.00000, 0.00000, 0.00000, 1.00000, 0.00000, 5.44000, -22.00500, 0.00000, 1.00000},
        },
    },
}
--End Generated

local fitModels = {
    surface = ust.fitModel(4.4, 5, -2, true, true),
    edge = ust.fitModel(0.3, 5, -2, true, true),
}

local fitMdl = {
    ["xe_yi_left"] = fitModels.edge,
    ["xe_yi_right"] = fitModels.edge,
    ["yi_centre"] = fitModels.surface,
}

local mdls = {
    main = "ust/main_buildings/cargo/station_3.mdl",
    end_left = "ust/main_buildings/cargo/station_3_end_l.mdl",
    end_right = "ust/main_buildings/cargo/station_3_end_r.mdl",
}

local config = {
    width = 20,
    extend = {21, -21, 0, -38, 4, 0},
    generatedData = generatedData,
    mdlList = {
        mdls.end_left,
        mdls.end_right,
        mdls.main
    },
    connectors = {
        coor.xyz(0, -2.5, 0),
        coor.xyz(10, -2.5, 0),
        coor.xyz(20, -2.5, 0),
        coor.xyz(-10, -2.5, 0),
        coor.xyz(-20, -2.5, 0)
    },
	fitMdl = fitMdl,
	edgeWidth = 0.3,
	depth = 2.5,
	path = "ust/platform/cargo/"
}


local updateFn = function(result, transform, tag, slotId, addModelFn, params)
    game.res.script["construction/station/rail/ust/struct/building"].updateFn(result, transform, tag, slotId, addModelFn, params, config)
end

function data()
    return {
        availability = {
            yearFrom = 0,
            yearTo = 0,
        },
        buildMode = "SINGLE",
        cost = {
            price = 0,
        },
        description = {
            name = _("MENU_MODULE_SIDE_ENTRY_CARGO_40"),
            description = _("MENU_MODULE_SIDE_ENTRY_CARGO_40_DESC"),
            icon = "ui/construction/station/rail/modular_station/side_building_3_cargo.tga"
        },
        category = {
            categories = {"ust_cat_entry"},
        },
        type = "ust_component_main_20",
        order = {
            value = 116,
        },
        metadata = {
            scriptName = "construction/station/rail/ust/struct/building",
            classify = "classify",
            typeName = "ust_component_main_40",
            isComponent = true,
            isBuilding = true,
            typeId = 32,
            moreCapacity = {
                cargo = 60
            }
        },
        
        updateFn = updateFn,
        
        getModelsFn = function(params)
            return {}
        end
    }

end
